Country,Year,Agriculture,Mining,Manufacturing,Construction,Wholesale,Transport,Other
Belgium,1970,0.995885522,14.67801955,13.27549713,6.967793761,21.93329819,9.903209015,32.24629683
Belgium,1971,1.007413808,14.8215178,13.26658671,6.818231033,22.35299535,9.52575037,32.20750492
Belgium,1972,0.948037731,15.24687566,13.53957488,6.536323136,22.14064276,9.174939382,32.41360645
Belgium,1973,0.917637657,15.47897307,13.73842048,6.40454723,21.97862195,9.114016439,32.36778316
Belgium,1974,0.924165262,15.51825661,13.75261435,6.494207109,21.5950177,9.468726831,32.24701214
Belgium,1975,0.784551233,15.13846942,13.1160401,6.591674248,21.8929852,8.496885094,33.9793947
Belgium,1976,0.708850691,15.47059544,13.43372517,6.597558661,21.2943539,8.373619977,34.12129616
Belgium,1977,0.72576603,15.57830282,13.3440584,6.702907799,20.52548886,8.34782637,34.77564972
Belgium,1978,0.788595669,15.6283997,13.28573061,6.61382743,19.78236082,8.300146239,35.60093953
Belgium,1979,0.75426709,15.81462967,13.29599453,6.18764364,19.20770223,8.34713431,36.39262853
Belgium,1980,0.756033981,15.56423823,13.1056942,6.266026948,18.93092487,8.285860644,37.09122112
Belgium,1981,0.782479115,15.42455008,12.94026776,5.105362537,18.03061999,7.997457905,39.71926261
Belgium,1982,0.816064547,15.60896339,13.21654845,4.619130387,18.09265921,7.696204907,39.95042912
Belgium,1983,0.798604593,16.45157755,13.88031484,4.276713864,17.87252336,7.657915131,39.06235066
Belgium,1984,0.84538259,16.43036102,13.8538393,4.019491654,16.94961456,8.014432769,39.88687811
Belgium,1985,0.831556918,16.52858451,13.96655017,4.178798798,16.6151038,8.067639938,39.81176586
Belgium,1986,0.851494952,16.05749767,13.69349625,4.194130114,16.57855353,7.497842094,41.12698539
Belgium,1987,0.775937947,15.71101283,13.24518914,4.165738052,16.19660071,7.622566041,42.28295529
Belgium,1988,0.775641377,15.80792428,13.2733308,4.473491937,15.75021635,7.830836791,42.08855846
Belgium,1989,0.756967961,16.00911033,13.52162463,4.463459166,15.1317293,8.000065979,42.11704264
Belgium,1990,0.724735527,16.15912906,13.71546437,4.683269453,15.42283475,8.425011786,40.86955507
Belgium,1991,0.749231686,15.67333187,13.26771202,4.637825969,15.54524798,8.423158967,41.70349151
Belgium,1992,0.809264494,15.21510703,12.87424703,4.68649132,15.4623244,8.401200779,42.55136494
Belgium,1993,0.855021436,15.03115828,12.61228772,4.538507948,15.41356309,8.281698804,43.26776272
Belgium,1994,0.774849247,15.11272009,12.74163228,4.440271296,15.06013364,8.373187352,43.49720609
Belgium,1995,0.777867272,15.09816854,12.7523796,4.429068832,14.6997925,8.276601809,43.96612144
Belgium,1996,0.770475821,15.45684094,12.96325631,4.283614262,14.22534435,7.951311127,44.34915719
Belgium,1997,0.763466658,16.00475275,13.42963695,4.315345014,13.74416214,7.937405644,43.80523085
Belgium,1998,0.772966704,16.09415527,13.61420191,4.175007463,12.9118634,8.258687925,44.17311733
Belgium,1999,0.754778674,15.85652904,13.3936212,4.24271931,12.83769086,8.254961288,44.65969963
Belgium,2000,0.777502687,16.13333811,13.59097022,4.370206121,12.09158269,8.476444732,44.55995544
Belgium,2001,0.713452406,16.11752868,13.64544823,4.344905731,12.29115186,8.695996985,44.1915161
Belgium,2002,0.775917384,15.9628977,13.56921801,4.264980127,12.90234535,8.523616622,44.00102481
Belgium,2003,0.744825637,15.85717783,13.41008368,4.300001167,13.50229977,8.554645053,43.63096686
Belgium,2004,0.772505416,16.01388457,13.64064169,4.446501361,13.51263878,8.292455856,43.32137232
Belgium,2005,0.735763972,15.82276686,13.62048767,4.551791029,13.01440837,8.435901002,43.81888109
Belgium,2006,0.783575568,15.63471081,13.42080782,4.884276558,12.79966232,8.342888496,44.13407843
Belgium,2007,0.754490096,15.89609975,13.72740805,4.797024308,13.01577571,8.356213932,43.45298816
Belgium,2008,0.752045143,15.54911927,13.41494286,4.803406118,12.95478111,8.558726001,43.9669795
Belgium,2009,0.710027184,14.92178783,12.42667132,4.97624279,12.75352038,8.906414055,45.30533644
Belgium,2010,0.743080007,15.36271733,12.83206488,4.839576832,12.63337453,8.888076177,44.70111024
Belgium,2011,0.733575041,15.25778939,12.79324029,5.023982318,12.36309001,8.962388461,44.86593449
Belgium,2012,0.726443385,15.03217595,12.77875898,5.051591371,12.23810438,9.110431767,45.06249417
Belgium,2013,0.618620688,15.08358913,12.94832005,4.949667811,12.05327863,8.930342373,45.41618132
Belgium,2014,0.606962503,15.37672388,13.25844671,4.899932592,11.84734973,8.854231231,45.15635335
Belgium,2015,0.696531419,15.49140686,13.38420222,4.882757731,11.78354784,8.981863245,44.77969068
Belgium,2016,0.646331069,15.40677711,13.28273058,4.825488868,11.92239704,8.887089262,45.02918608
Belgium,2017,0.574084795,15.22353509,13.36680337,4.704877225,11.75711338,8.974753799,45.39883235
Czech Rep.,1990,1.739480323,27.19091521,11.40633398,12.5149421,9.109759429,9.064294337,28.97427463
Czech Rep.,1991,2.217240926,19.93627273,9.799790669,11.93344713,7.74114504,10.88470757,37.48739593
Czech Rep.,1992,1.887759865,20.58820275,9.645723058,12.16628578,8.088764577,9.76738799,37.85587598
Czech Rep.,1993,2.285313166,19.1958758,9.649915823,10.05884313,7.407488732,10.01242324,41.39014011
Czech Rep.,1994,2.595854491,19.2939565,10.17198828,9.48589059,8.133374989,9.521327829,40.79760732
Czech Rep.,1995,2.285076027,19.6578685,10.56613882,9.993213867,8.839473864,9.766933674,38.89129524
Czech Rep.,1996,2.036806288,21.10951081,11.35730753,9.839287786,9.006467333,9.830238817,36.82038143
Czech Rep.,1997,1.966514194,20.70438676,12.15644191,8.717963659,9.539861512,10.4114507,36.50338128
Czech Rep.,1998,2.102144854,20.22470989,12.52344965,8.300134523,9.364606749,10.11873502,37.36621932
Czech Rep.,1999,2.119266372,20.67727298,13.21278568,7.169587551,9.62263512,10.24887377,36.94957852
Czech Rep.,2000,2.062736894,21.30213859,13.9364708,6.35794971,9.737952684,10.15369302,36.4490583
Czech Rep.,2001,1.961507174,21.60866134,14.11099973,6.044111061,9.936535889,10.33051304,36.00767175
Czech Rep.,2002,1.916182952,21.78063286,14.43091014,6.126541786,9.783619647,10.46871123,35.49340138
Czech Rep.,2003,1.925324198,21.44578377,14.33647355,6.171078941,10.22560034,10.75664153,35.13909768
Czech Rep.,2004,2.034016559,22.20739279,14.84628686,6.367419178,10.43469999,9.957374815,34.15280981
Czech Rep.,2005,2.10336529,22.81736083,16.10230813,6.138791105,10.34656734,9.748922058,32.74268524
Czech Rep.,2006,1.768547388,24.28129257,17.88817216,5.647731686,10.11304865,9.81425672,30.48695082
Czech Rep.,2007,1.24998341,24.17232591,18.13318023,5.617946161,10.56909416,9.870786689,30.38668344
Czech Rep.,2008,1.306992977,25.07144359,18.84350286,5.384008489,10.07753095,9.455996937,29.86052419
Czech Rep.,2009,1.689530448,23.80721683,17.7724733,5.570900086,9.938523794,9.525033634,31.6963219
Czech Rep.,2010,1.36124369,24.23133592,18.99182508,5.563555114,10.11034869,9.151984294,30.58970723
Czech Rep.,2011,1.340004096,24.93843868,20.19565125,5.015692188,10.17476909,8.601314502,29.73413019
Czech Rep.,2012,1.414342316,24.55926858,19.81407264,4.925541185,10.45902823,8.472264614,30.35548244
Czech Rep.,2013,1.391574433,23.6745119,19.4364368,5.031423657,10.52590928,8.624038059,31.31610587
Czech Rep.,2014,1.446189402,24.00668397,19.84742968,4.93356927,10.81192303,8.481893974,30.47231067
Czech Rep.,2015,1.454216169,23.81994546,19.90036661,4.886266989,11.34398275,8.583308492,30.01191353
Czech Rep.,2016,1.464794259,23.64474832,20.07397339,4.586333983,11.22763045,8.626520129,30.37599948
Czech Rep.,2017,1.348806807,24.44303101,21.06408772,4.228585227,10.86442934,8.656650946,29.39440894
France,1970,1.809267121,13.67480225,11.64806659,9.695129554,10.7649919,3.927579414,48.48016318
France,1971,1.711593676,13.84287231,11.8033644,9.994460972,10.72517042,3.91634471,48.00619351
France,1972,1.780905562,13.59756196,11.50961381,9.96692173,10.81269732,3.943229581,48.38907004
France,1973,1.806349118,13.65214027,11.53327053,9.983750748,10.89073167,3.971879141,48.16187852
France,1974,1.636167714,13.93934149,11.77515204,9.683263046,10.82599281,3.963144301,48.1769386
France,1975,1.550000638,13.69261454,11.46209739,9.599752051,10.74156507,3.902181254,49.05178905
France,1976,1.449640735,13.93687109,11.71774269,9.175655794,10.68349296,3.896862498,49.13973424
France,1977,1.424351102,13.99657248,11.67362059,8.930763829,10.89830683,4.034718752,49.04166643
France,1978,1.58665426,13.85994821,11.49416834,8.705741117,11.07638752,3.931575437,49.34552511
France,1979,1.679452669,13.97126812,11.45043919,8.352708552,11.00673263,4.063737705,49.47566113
France,1980,1.620119688,13.81730923,11.2413301,8.283519352,10.93364706,4.22971593,49.87435865
France,1981,1.585929634,13.59079146,11.02700995,8.054897724,10.91484178,4.294774383,50.53175506
France,1982,1.816381324,13.34193699,10.82384686,7.872107306,11.05056753,4.366978302,50.7281817
France,1983,1.674447164,13.39766391,10.87765468,7.543459642,11.15873623,4.415980916,50.93205745
France,1984,1.73152499,13.30625322,10.74633289,7.191065346,11.30328427,4.537325729,51.18421355
France,1985,1.806691812,13.26953157,10.73553254,7.055690616,11.17737113,4.714480712,51.24070162
France,1986,1.77955705,13.01804556,10.5072888,7.209365344,11.4017167,4.944132275,51.13989427
France,1987,1.800488755,12.92336875,10.33423107,7.192139955,11.41037628,5.138635504,51.20075969
France,1988,1.699282489,12.93859683,10.34134776,7.3531932,11.39767458,5.406469917,50.86343523
France,1989,1.693081942,12.94115065,10.354011,7.276405584,11.5715076,5.598774973,50.56506825
France,1990,1.757393959,13.04015654,10.42853991,7.385266893,11.88806174,5.660699336,49.83988162
France,1991,1.57527018,13.09281739,10.31892097,7.30231684,11.90397073,5.776257315,50.03044657
France,1992,1.775044236,12.98644154,10.22212042,7.334776613,11.77988099,5.925315872,49.97642033
France,1993,1.681108335,12.76808717,10.07611641,6.836961966,11.77059317,5.935120408,50.93201255
France,1994,1.658083575,12.80924893,10.20992941,6.545253104,11.77183939,6.137251099,50.8683945
France,1995,1.690892808,13.00006358,10.4060739,6.470320189,11.83813452,6.17575864,50.41875636
France,1996,1.781009639,13.08619225,10.39976101,6.118387303,11.67293591,6.370955756,50.57075813
France,1997,1.741547515,13.15940775,10.61215285,5.787406999,11.83402865,6.78279577,50.08266047
France,1998,1.734530426,13.44774451,10.7908373,5.588889038,11.99138741,7.123051625,49.32355969
France,1999,1.764788437,13.49471055,10.8419814,5.629962513,12.07972918,7.369688378,48.81913954
France,2000,1.682820855,13.55682427,10.97046465,5.767145537,12.2064912,7.366794693,48.44945879
France,2001,1.604610487,13.56673429,10.89174108,5.883981086,12.41326844,7.470747777,48.16891684
France,2002,1.682172287,13.63037907,10.78524191,5.80946072,12.39227127,7.724106148,47.97636858
France,2003,1.414492255,13.72820476,10.93591521,5.747905437,12.36496311,7.789115697,48.01940353
France,2004,1.668788124,13.69145184,10.89563617,5.697216292,12.07387198,8.028817212,47.94421838
France,2005,1.54854104,13.53277604,10.91401478,5.767198565,11.97114173,8.076379327,48.18994852
France,2006,1.515545155,13.40805085,10.94134848,5.769595403,11.86209936,8.355078347,48.14828239
France,2007,1.467266305,13.31090305,10.8909167,5.888293784,11.94500925,8.481836369,48.01577454
France,2008,1.532143868,12.80118877,10.53180202,5.798123665,12.20050118,8.593070204,48.54317029
France,2009,1.682512363,12.3766521,10.22318083,5.630910647,11.94753979,8.425660828,49.71354344
France,2010,1.597179423,12.37421058,10.28303087,5.395327483,11.81917763,8.750477208,49.7805968
France,2011,1.622417657,12.41012827,10.45071029,5.170741984,11.97502962,8.906769675,49.4642025
France,2012,1.478664238,12.4530869,10.37442252,4.884271003,11.91936853,9.124262874,49.76592393
France,2013,1.442506645,12.4863883,10.30770275,4.881177743,11.96008507,8.945642903,49.97649659
France,2014,1.635510393,12.38994694,10.35341776,4.696657199,11.96399192,9.037389662,49.92308612
France,2015,1.623272032,12.33084511,10.33001536,4.629144502,12.32580375,9.001752624,49.75916663
France,2016,1.407026524,12.32389618,10.35888649,4.511950684,12.4133936,9.057219924,49.9276266
France,2017,1.445438752,12.26637174,10.33107691,4.52820219,12.55192719,9.337833971,49.53914925
Germany,1970,1.40075101,26.74733908,22.77658513,9.064705041,8.299472375,4.709684093,27.00146327
Germany,1971,1.391103243,25.99041952,22.13141698,9.462620589,8.333268647,4.728862625,27.9623084
Germany,1972,1.320174548,25.63033167,21.82473076,9.606867142,8.199881612,4.653168966,28.7648453
Germany,1973,1.320868002,25.87502306,22.03505956,9.186445445,8.123653775,4.609913018,28.84903714
Germany,1974,1.362836435,25.83173975,21.99445956,8.272057833,8.07781544,4.583901801,29.87718918
Germany,1975,1.3684172,25.05585321,21.33536498,7.883329921,8.084994807,4.587972045,31.68406784
Germany,1976,1.271596073,25.37788373,21.61749216,7.762641407,8.121800686,4.608864141,31.23972181
Germany,1977,1.292168804,25.29552241,21.52690934,7.641869267,8.204108058,4.655570554,31.38385156
Germany,1978,1.294707129,24.86240002,21.17520596,7.537177226,8.431569305,4.784629877,31.91431048
Germany,1979,1.206884835,24.93319205,21.26201981,7.455650373,8.418665607,4.777344078,31.94624324
Germany,1980,1.211498323,24.59241956,20.86898396,7.44044958,8.377752224,4.754106849,32.7547895
Germany,1981,1.207027983,24.03432221,20.51892058,7.145705543,8.394696371,4.763652852,33.93567447
Germany,1982,1.39061509,23.69506417,20.28180516,6.86682874,8.218626801,4.663935193,34.88312485
Germany,1983,1.286304634,23.61641084,20.14148322,6.923161711,8.225050767,4.667394471,35.14019436
Germany,1984,1.316538264,23.67538474,20.24033019,6.747524003,8.256241067,4.684880683,35.07910105
Germany,1985,1.203368174,23.93526284,20.58538843,6.238678837,8.230089753,4.671025322,35.13618664
Germany,1986,1.296571355,23.59788324,20.19821526,6.162297275,8.253890342,4.683199222,35.80794331
Germany,1987,1.191455553,23.41191599,19.72963808,5.964976343,8.36818312,4.74775272,36.58607819
Germany,1988,1.21924104,23.30443646,19.75974924,5.908395448,8.465597153,4.807725446,36.53485521
Germany,1989,1.206165253,23.41377359,19.96471043,5.922912462,8.439116449,4.784204371,36.26911744
Germany,1990,1.167683111,23.1552477,19.84863886,5.85132154,8.652076492,4.907905555,36.41712674
Germany,1991,1.094928284,22.92917433,19.66416026,5.553262075,8.983896313,5.117072116,36.65750661
Germany,1992,1.053999574,22.08131195,18.90784009,5.88361282,9.041817562,5.098686003,37.932732
Germany,1993,0.967101027,21.03497959,17.85433134,6.006198885,9.125955701,5.186128182,39.82530527
Germany,1994,0.684948586,21.05909507,18.00180685,6.196978563,9.028339957,5.205898077,39.82293289
Germany,1995,0.688072428,21.0056709,17.6076095,5.891339521,9.307602684,5.092173366,40.4075316
Germany,1996,0.712558129,20.53002274,17.09119592,5.572450415,9.147977123,5.320281767,41.62551391
Germany,1997,0.702270176,20.65308148,17.39241096,5.345902609,9.06308711,5.457427298,41.38582037
Germany,1998,0.674645042,20.50243332,17.27863189,5.088268876,9.245964091,5.679812097,41.53024469
Germany,1999,0.719484053,20.29190472,17.17767386,4.965265181,9.064968202,5.902792726,41.87791126
Germany,2000,0.665274225,20.75340621,17.77962324,4.691191418,9.146440822,5.913866011,41.05019807
Germany,2001,0.629166636,20.50431865,17.70717646,4.323394158,9.461396849,6.1563486,41.21819864
Germany,2002,0.624633068,20.32596182,17.40214265,4.17086017,9.557208149,6.4389016,41.48029255
Germany,2003,0.643462425,20.54155354,17.67521189,4.000915197,9.884098598,6.170237956,41.08452039
Germany,2004,0.840793749,21.02899556,18.00416497,3.806555554,9.784882383,6.504782458,40.02982532
Germany,2005,0.601738999,21.09704779,18.14917771,3.615472388,9.877953947,6.540569591,40.11803958
Germany,2006,0.541950048,21.32248994,18.83941867,3.449384823,10.24131077,6.754705649,38.8507401
Germany,2007,0.654924524,21.49182189,18.93991142,3.299475119,9.991400709,7.103591823,38.51887451
Germany,2008,0.782461365,21.09839863,18.4561827,3.274047125,9.87925723,7.405841394,39.10381155
Germany,2009,0.828590137,19.50191933,16.32356015,3.48198961,10.14234365,7.857985493,41.86361163
Germany,2010,0.588676957,21.16554513,18.15997913,3.519477452,9.258337534,7.444648503,39.8633353
Germany,2011,0.505367089,21.36003958,18.8651147,3.496440908,9.272203614,7.593671506,38.9071626
Germany,2012,0.500913702,21.27110969,18.43814195,3.455845245,9.643273873,7.757159543,38.93355599
Germany,2013,0.524469041,21.09630155,18.36127637,3.355933114,9.376387954,7.951272105,39.33435986
Germany,2014,0.581896041,21.51812579,18.83823208,3.38266241,9.426281137,7.860175319,38.39262723
Germany,2015,0.489833814,21.68508319,18.9745658,3.325718371,9.473596483,7.804571701,38.24663064
Germany,2016,0.46654259,22.12951734,19.32990707,3.295856576,9.357605146,7.764725353,37.65584593
Germany,2017,0.469725413,22.14657216,19.39992541,3.299009816,9.488574204,7.826460498,37.3697325
Italy,1970,2.595952055,16.55177828,12.65625734,10.16307578,13.0868747,4.04364597,40.90241588
Italy,1971,2.525175266,16.38415748,12.49455891,9.416522143,13.06660759,4.092165589,42.02081302
Italy,1972,2.164331678,16.75347503,12.75478556,9.015300966,12.75868932,4.073028394,42.48038906
Italy,1973,2.168242034,17.92721006,13.60868368,8.508225575,12.82205699,4.155670687,40.80991097
Italy,1974,2.110784002,18.13044546,13.98434246,8.453513673,12.98283322,4.696895298,39.64118589
Italy,1975,2.217978115,16.96708707,13.67394816,8.387270381,13.06151544,4.378432417,41.31376842
Italy,1976,1.946452539,18.01600552,14.64205768,7.593975483,12.93054616,4.282906626,40.58805599
Italy,1977,1.889875422,18.16581393,14.9100832,7.339774877,12.9006367,4.229695856,40.56412002
Italy,1978,1.849827703,18.22486487,15.00040888,7.258701569,12.85071519,4.360399426,40.45508236
Italy,1979,1.849695082,18.71045629,15.54874509,7.028933648,12.90495589,4.642163193,39.31505081
Italy,1980,1.866003501,18.54555957,15.68362918,6.985235825,13.23918348,4.742444938,38.9379435
Italy,1981,1.885938692,18.00336419,15.23646695,7.129409096,13.24910235,4.850617439,39.64510128
Italy,1982,1.820776924,17.65802379,14.93594491,7.205054419,13.2644959,4.931556443,40.18414762
Italy,1983,1.961557787,17.60557871,14.7730096,7.113388303,13.17521584,4.87177664,40.49947312
Italy,1984,1.870277431,17.56983632,14.75378337,6.577196282,12.95139432,4.86868448,41.4088278
Italy,1985,1.825605981,17.47251835,14.7788553,6.270065777,12.71034237,4.969733337,41.97287888
Italy,1986,1.829941705,17.45525782,14.72418813,6.01527913,12.59194504,4.987954832,42.39543334
Italy,1987,1.85131416,17.64425319,14.78459184,5.858115183,12.7438512,5.054295772,42.06357866
Italy,1988,1.745934815,17.94751132,15.11864226,5.743252366,12.64825003,5.129301668,41.66710754
Italy,1989,1.716877015,18.12029419,15.24629273,5.781505496,12.43995307,5.235889141,41.45918836
Italy,1990,1.662104446,17.98630176,15.1296002,5.796297533,12.43161716,5.292002611,41.70207629
Italy,1991,1.796398299,17.77332488,14.91536551,5.865849877,12.43459223,5.370181813,41.84428738
Italy,1992,1.836120253,17.62579076,14.79741493,5.784967326,12.44517505,5.412556685,42.097975
Italy,1993,1.838233449,17.28542434,14.54985905,5.497217365,12.38896457,5.637962814,42.80233842
Italy,1994,1.815274037,17.97005074,15.1398781,5.064362333,12.56863511,5.800952095,41.64084759
Italy,1995,1.789765219,18.21050973,15.41301614,4.983816021,12.82181539,5.913203807,40.86787369
Italy,1996,1.794274469,18.0582568,15.16739534,5.011297496,12.83695738,6.143039715,40.9887788
Italy,1997,1.808643595,17.91879343,15.08526047,4.810121698,12.91645973,6.299107942,41.16161314
Italy,1998,1.833356819,17.90748368,15.08343725,4.750551981,13.08758785,6.507067813,40.83051461
Italy,1999,1.916053276,17.7631566,14.92169222,4.758277273,13.02193215,6.732662265,40.88622621
Italy,2000,1.823970858,17.60083349,14.91131039,4.788646926,13.09285023,7.114536688,40.66785142
Italy,2001,1.743188105,17.22459767,14.62244504,4.996229088,13.08078638,7.478867585,40.85388614
Italy,2002,1.663221661,17.17660135,14.54928971,5.120637309,12.67677117,7.740529538,41.07294926
Italy,2003,1.601177713,16.90762717,14.28702358,5.290544234,12.56202539,7.753602691,41.59799922
Italy,2004,1.766371097,17.00724395,14.3338074,5.328397824,12.6501761,7.71775239,41.19625124
Italy,2005,1.671389381,16.98914693,14.29222892,5.388486009,12.79676096,7.934180377,40.92780743
Italy,2006,1.624450665,17.25793759,14.61463133,5.384913354,12.70065152,7.890098907,40.52731664
Italy,2007,1.599784667,17.35582475,14.8027334,5.304579152,12.78470315,7.998861546,40.15351333
Italy,2008,1.638032923,17.15050958,14.49653765,5.213595306,12.80265022,8.054311634,40.6443627
Italy,2009,1.738176043,15.58809065,12.87695045,5.178167019,12.69985293,8.511143464,43.40761945
Italy,2010,1.700043847,16.18757374,13.65692724,4.858266871,12.70252875,8.385478099,42.50918146
Italy,2011,1.719119042,16.24596392,13.82424676,4.569630938,12.94719967,8.257085706,42.43675396
Italy,2012,1.718839421,16.24608475,13.69929934,4.3656205,12.84009212,8.186938112,42.94312576
Italy,2013,1.769335509,16.13051328,13.68832729,4.207347208,12.85396565,8.132644436,43.21786663
Italy,2014,1.722660198,16.05454995,13.72103637,3.956638979,13.13400165,8.064920344,43.34619251
Italy,2015,1.78092045,16.06254178,13.93667933,3.877790899,13.5085278,7.878235561,42.95530418
Italy,2016,1.760250822,16.21531075,14.10075062,3.84127246,13.49824805,8.064230871,42.51993644
Italy,2017,1.653940144,16.51910585,14.37738652,3.810162228,13.51952723,8.07106138,42.04881666
Netherlands,1970,0.814237379,17.49133759,11.17231084,15.84764866,9.769509407,4.814245493,40.09071062
Netherlands,1971,0.881774656,17.5176487,11.04692863,14.86540924,9.892419603,4.874813576,40.92100561
Netherlands,1972,0.890444925,18.11076224,11.24711154,13.74030131,9.892067441,4.874640017,41.24467253
Netherlands,1973,0.897274853,18.22692647,11.35249421,13.07258328,10.00230708,4.928964063,41.51945004
Netherlands,1974,0.980034146,18.68062935,11.53081276,11.96170742,9.903139245,4.880096211,42.06358086
Netherlands,1975,1.124836216,17.95786461,10.9250694,11.3469631,9.83100398,4.844548939,43.96971376
Netherlands,1976,1.206261303,18.28247088,11.12848754,10.84253959,9.795487795,4.827046674,43.91770622
Netherlands,1977,1.208454688,18.15671917,10.87826424,10.25200754,10.16725006,5.01024652,44.32705778
Netherlands,1978,1.276786393,17.78753738,10.81400691,9.473744564,10.43130201,5.14036462,45.07625812
Netherlands,1979,1.403118726,17.94689594,10.90245339,8.491562203,10.50163424,5.17502179,45.57931372
Netherlands,1980,1.451043996,17.56446528,10.7129722,8.400137516,10.62966071,5.238120344,46.00359995
Netherlands,1981,1.591663262,17.44833702,10.678203,7.452767374,10.72882166,5.28697042,46.81323727
Netherlands,1982,1.67670724,16.83015973,10.68348845,7.129319,10.57683601,5.212075895,47.89141367
Netherlands,1983,1.593736504,17.00286542,10.78611711,6.821344835,10.55281831,5.200281514,48.0428363
Netherlands,1984,1.717169832,17.34668821,11.14942327,6.818570374,10.66348807,5.254731098,47.04992915
Netherlands,1985,1.745048693,17.61982562,11.21273544,6.739137991,10.73933655,5.292157126,46.65175858
Netherlands,1986,1.880131085,16.85281747,11.31148956,6.913694838,10.82668884,5.335367631,46.87981059
Netherlands,1987,1.818776697,16.74857807,11.28598273,6.959874799,11.07462446,5.457059188,46.65510405
Netherlands,1988,1.901467181,16.56715679,11.24032837,7.564048903,11.16843858,5.503765751,46.05479442
Netherlands,1989,1.931602057,16.57272416,11.29028559,7.502594725,11.29174865,5.565063793,45.84598104
Netherlands,1990,2.030900593,16.50446911,11.27571432,7.136651478,11.5585017,5.693955577,45.79980722
Netherlands,1991,2.037082101,16.54882285,11.11877258,6.96242248,11.71639631,5.775306049,45.84119763
Netherlands,1992,2.081118531,16.36397142,11.08384191,6.809264579,11.72119585,5.778368711,46.16223901
Netherlands,1993,2.117977218,16.1580693,10.89153348,6.581550838,11.68928753,5.750573509,46.81100813
Netherlands,1994,2.112156597,16.38041793,11.15401548,6.467104202,11.79310271,5.823900472,46.2693026
Netherlands,1995,2.080409799,17.20286589,11.19249445,6.177030131,11.63239752,5.736667535,45.97813467
Netherlands,1996,1.91759244,17.57035286,11.08467635,5.830614361,11.80427983,5.77069438,46.02178979
Netherlands,1997,1.984886768,16.7031501,10.94452414,5.709091119,12.21031497,6.099413916,46.34861899
Netherlands,1998,1.814327617,16.32752936,10.90202987,5.674273278,12.58931207,6.531867295,46.16066051
Netherlands,1999,1.850225192,15.9195657,10.92996125,5.762537265,12.78371001,6.825416455,45.92858413
Netherlands,2000,1.796098551,15.77439983,11.15970766,5.706685394,13.13587607,7.221617268,45.20561523
Netherlands,2001,1.664001293,15.76125538,11.06307606,5.623120324,12.9288892,7.467738536,45.49191921
Netherlands,2002,1.675758427,15.70920102,10.97402916,5.500084543,12.68536555,7.577068941,45.87849236
Netherlands,2003,1.718323272,15.64819308,10.91156872,5.261575977,12.69964077,7.867026898,45.89367128
Netherlands,2004,1.770723463,16.03273626,11.13465417,5.076351543,12.77919826,7.943274376,45.26306192
Netherlands,2005,1.736286834,15.76572177,11.26036859,5.177557162,12.80567285,8.088432859,45.16595995
Netherlands,2006,1.68171794,15.42923197,11.10945224,5.173675535,13.0429199,8.252753756,45.31024865
Netherlands,2007,1.659093522,15.38383821,11.26471523,5.281905686,13.10108263,8.409884656,44.89948006
Netherlands,2008,1.677594813,15.10408897,10.87416411,5.406781406,12.85219695,8.467565106,45.61760865
Netherlands,2009,1.807127141,14.34558605,10.11313823,5.388960354,12.49448464,8.373637622,47.47706596
Netherlands,2010,1.772931294,14.92471904,10.43640186,4.70775018,12.69498657,8.377755389,47.08545566
Netherlands,2011,1.710998156,14.75879323,10.58589568,4.652169342,12.99734242,8.406870818,46.88793035
Netherlands,2012,1.704078436,14.70070094,10.52237067,4.309686463,13.01426945,8.5463589,47.20253514
Netherlands,2013,1.713023627,14.8023348,10.39401733,4.085713482,13.11485458,8.602080257,47.28797593
Netherlands,2014,1.756881851,14.43439173,10.40110634,4.193778869,13.28025756,8.717043332,47.21654031
Netherlands,2015,1.748991364,13.97381473,10.31948746,4.452402018,13.49475945,8.752184972,47.25836002
Netherlands,2016,1.742748263,13.81691682,10.3960511,4.687830435,13.5996963,8.68365055,47.07310653
Netherlands,2017,1.63326637,13.6747677,10.63512284,4.898751186,14.14878489,9.165457304,45.84384972
Poland,1970,3.591506629,16.8304214,6.286791429,7.090645088,12.47405515,5.510533876,48.21604643
Poland,1971,3.59104417,16.82843338,6.286208611,7.089750912,12.47163309,5.5090695,48.22386034
Poland,1972,3.590482735,16.82533402,6.284932306,7.08872222,12.46837406,5.50715733,48.23499733
Poland,1973,3.590905756,16.82573002,6.284792235,7.089339062,12.46977981,5.507835876,48.23161725
Poland,1974,3.592813767,16.83515036,6.288426469,7.093337262,12.48111201,5.514014108,48.19514603
Poland,1975,3.592286452,16.83745768,6.289596927,7.092075467,12.47937521,5.514591582,48.19461668
Poland,1976,3.588731468,16.8184915,6.283294006,7.085279242,12.45952066,5.501746327,48.2629368
Poland,1977,3.587674935,16.80983377,6.278549366,7.083577616,12.45207528,5.497594356,48.29069468
Poland,1978,3.593020697,16.82770986,6.284091931,7.092423036,12.47680801,5.511228347,48.21471812
Poland,1979,3.602347198,16.88221938,6.306585027,7.113314383,12.53773367,5.544883819,48.01291653
Poland,1980,3.589650281,16.84899255,6.29544833,7.085767445,12.47069252,5.517478514,48.19197035
Poland,1981,3.570928361,16.72351018,6.251729425,7.051244231,12.36009047,5.437418201,48.60507913
Poland,1982,3.582389882,16.76652557,6.254815452,7.075065641,12.41483159,5.476825123,48.42954675
Poland,1983,3.619707486,16.91694982,6.311761186,7.136580608,12.60027722,5.579291131,47.83543254
Poland,1984,3.648803977,17.15373991,6.418626708,7.2173775,12.84121404,5.712527067,47.00771079
Poland,1985,3.526002553,16.68243148,6.239621745,6.947678798,12.13462539,5.380099854,49.08954018
Poland,1986,3.476348799,16.08959725,6.030869879,6.87683955,11.80135001,5.0329688,50.69202571
Poland,1987,3.639400088,16.98048634,6.270165509,7.193554578,12.68711677,5.672837211,47.55643951
Poland,1988,3.804135918,17.66036598,6.593194382,7.440595545,13.51677361,6.085691422,44.89924315
Poland,1989,3.792164033,18.32041807,6.945159171,7.615468349,14.02832335,6.368988047,42.92947898
Poland,1990,2.890270867,14.24251104,5.312929503,5.551473412,8.476680904,3.659154727,59.86697955
Poland,1991,3.215338667,12.97330238,4.933543945,6.504465661,10.04945323,3.208238246,59.11565787
Poland,1992,4.391912833,21.0921091,7.374560402,8.655254735,16.775099,8.625951759,33.08511218
Poland,1993,4.593096076,20.91647573,8.140258612,8.623735118,17.490203,8.062951151,32.17328031
Poland,1994,3.734053778,21.5242404,8.65355865,8.464282254,16.51133116,7.744079594,33.36845416
Poland,1995,3.88517912,21.65250941,9.283288496,8.456243661,16.37981075,7.475165064,32.8678035
Poland,1996,3.747569698,21.80694735,9.592495015,8.209051763,16.63310438,7.457259313,32.55357248
Poland,1997,3.54474392,21.5872419,10.30445169,8.685651474,16.75161131,7.423414903,31.7028848
Poland,1998,3.529108587,20.6714739,10.57304204,9.068711155,17.09588458,7.545985473,31.51579426
Poland,1999,3.374539515,20.16038685,10.59668879,8.991174518,17.59997911,7.991718498,31.28551272
Poland,2000,3.107507565,20.4164387,10.88017306,8.606462516,17.6764401,8.004353374,31.30862469
Poland,2001,3.286002601,20.00680912,10.71067319,7.901305254,18.07806921,8.180060918,31.8370797
Poland,2002,3.287597024,19.46646299,10.71825496,7.124703584,18.55341095,8.702209676,32.14736082
Poland,2003,3.24889302,19.82698769,11.3960596,6.659447545,17.92731922,8.670448359,32.27084457
Poland,2004,3.352482627,19.858225,11.95769365,6.990250895,17.23932978,8.979926805,31.62209124
Poland,2005,3.188639222,19.8858556,12.10272145,7.112372585,17.28668944,8.956257583,31.46746412
Poland,2006,2.823073928,20.05598729,13.23863212,7.128773245,17.03058469,9.151524287,30.57142445
Poland,2007,2.738443076,20.4994289,14.0405421,6.796544852,16.7954879,8.8690238,30.26052937
Poland,2008,2.56452641,20.75987701,14.55667455,6.664835869,16.74657728,8.521252351,30.18625653
Poland,2009,2.766389922,20.1784794,14.36669288,7.150958069,17.18566481,8.141317697,30.21049722
Poland,2010,2.478412052,20.96769343,15.02652172,7.21436109,17.37240873,7.806279535,29.13432345
Poland,2011,2.399859633,21.45638195,15.37681872,7.765694892,16.22894175,8.252438044,28.51986502
Poland,2012,2.130118837,21.62713803,15.57048009,7.31446764,16.4280512,8.755934186,28.17381002
Poland,2013,2.295038192,21.53245108,15.43320552,6.866153427,16.31132036,8.95650926,28.60532216
Poland,2014,2.219191209,21.59531549,16.00594999,7.17992219,15.59676908,8.871404542,28.5314475
Poland,2015,1.948192595,21.495352,16.41741287,7.326460078,15.3928377,8.766024044,28.65372072
Poland,2016,1.943142804,21.58953454,16.60777393,6.489101531,15.60442936,9.058980882,28.70703696
Poland,2017,1.950721099,21.62488005,16.81473112,6.593347469,15.70470479,9.257880795,28.05373468
Portugal,1970,4.495350467,14.24899687,12.52383595,8.203253032,20.53894359,4.068282397,35.92133769
Portugal,1971,4.016834875,14.11982304,12.41013346,9.392579128,21.16549642,4.069114016,34.82601906
Portugal,1972,3.663555021,14.56486329,12.83628903,8.902222048,20.79632529,4.110739023,35.1260063
Portugal,1973,3.569021955,15.09083006,13.37225194,8.868955405,21.22706537,4.12723209,33.74464318
Portugal,1974,3.499600323,15.74690761,13.8384705,9.22025374,18.86633501,4.61550521,34.2129276
Portugal,1975,3.537400621,15.45419109,13.39343622,8.334900023,19.49597044,4.564707701,35.2193939
Portugal,1976,3.306117711,15.35628257,13.36835437,7.446829479,20.66013963,4.49552195,35.36675429
Portugal,1977,3.307493672,15.36267365,13.3369652,7.449928748,20.74632421,4.415141067,35.38147345
Portugal,1978,3.307345466,15.30747617,13.34907683,7.977867825,19.5948687,4.210216627,36.25314839
Portugal,1979,3.869495754,16.02166422,13.96184426,7.786023688,19.71568707,4.439412543,34.20587247
Portugal,1980,3.778765556,15.43268875,13.78804081,7.943173412,19.70572879,4.629606143,34.72199654
Portugal,1981,3.289277758,15.18685259,13.8712754,8.111335817,19.56900266,4.58718768,35.3850681
Portugal,1982,3.411227558,15.13813216,13.41296803,8.081621705,19.28324999,4.789773771,35.88302679
Portugal,1983,3.360228056,15.13563203,13.21970345,8.128305676,18.70352621,5.070790346,36.38181423
Portugal,1984,3.78605291,15.26271341,13.12935697,7.614572558,18.41672428,5.245481369,36.5450985
Portugal,1985,3.973243546,15.35618788,13.07305121,6.981538632,18.10869904,5.238504971,37.26877473
Portugal,1986,3.95192859,15.40926553,13.39696835,6.886343518,18.44633755,5.310204554,36.59895191
Portugal,1987,4.194348658,16.39338704,14.25539818,7.540336136,19.33124259,5.694503322,32.59078407
Portugal,1988,3.239683373,16.190387,14.00510291,8.882400239,17.09170674,5.291344368,35.29937537
Portugal,1989,3.036884047,16.16500004,14.04220198,8.231891708,16.10692528,5.165886243,37.25121071
Portugal,1990,2.760402368,16.19698248,13.85833811,7.844642304,16.76111854,5.355315872,37.22320033
Portugal,1991,2.755143501,15.27008265,12.89443383,7.410065439,16.72231673,5.42652718,39.52143067
Portugal,1992,2.800213559,14.54859248,12.29929423,7.338982247,16.31320244,5.422713389,41.27700164
Portugal,1993,2.888682671,14.25660613,11.81087225,7.258575513,16.30744859,5.581852339,41.89596251
Portugal,1994,2.860163156,14.9471769,12.37485232,7.555240086,16.40161342,5.838377495,40.02257662
Portugal,1995,2.716802967,15.25644353,12.48535718,7.722006592,15.23296385,5.690793148,40.89563273
Portugal,1996,2.734775842,16.16271132,13.34169968,7.54383416,14.76326579,5.518537486,39.93517572
Portugal,1997,2.408203303,16.39077598,13.56365841,7.727220923,15.12155609,5.435946748,39.35263855
Portugal,1998,2.228397877,16.30335024,13.39236507,7.838778879,15.45601338,5.49302036,39.28807419
Portugal,1999,2.294129319,16.0956412,13.15118986,7.801878266,15.69388495,5.773459749,39.18981666
Portugal,2000,2.106406852,15.9751392,12.98392506,8.029318246,15.98279461,6.017978292,38.90443775
Portugal,2001,2.006324697,15.9428392,12.90775376,8.053756963,15.80264485,6.099297331,39.1873832
Portugal,2002,2.078487392,15.75222307,12.76639648,7.65952062,15.75880155,6.281093854,39.70347704
Portugal,2003,2.052142596,15.97108529,12.74351119,7.108210634,15.45390022,6.358504733,40.31264534
Portugal,2004,2.137890854,15.90844246,12.6240779,6.99270108,15.60927354,6.602548397,40.12506578
Portugal,2005,2.014019066,15.55912743,12.43468258,6.722858688,15.65331929,6.703508361,40.91248458
Portugal,2006,2.040244246,15.58048924,12.39169902,6.463111332,15.70775751,6.945871787,40.87082686
Portugal,2007,1.901158147,15.51079946,12.32794032,6.401432229,15.45383164,7.204553265,41.20028494
Portugal,2008,1.964474655,15.18427248,12.02912403,6.106260117,15.2808008,7.366267627,42.06880029
Portugal,2009,1.968257195,14.48316728,11.11208668,5.635016233,15.87875242,7.421052334,43.50166786
Portugal,2010,1.933252826,14.84479756,11.62285298,5.149801315,15.99706354,7.354848473,43.0973833
Portugal,2011,1.967778827,14.98864318,11.80515349,4.861104122,16.06722199,7.548936522,42.76116187
Portugal,2012,2.021636087,15.03184248,11.7840786,4.261895941,16.47408267,7.607763468,42.81870076
Portugal,2013,2.092500735,14.9989923,11.93926516,3.991896809,16.91699844,7.510299955,42.5500466
Portugal,2014,2.044853926,15.24127273,12.18000007,3.630516247,17.52513945,7.262865956,42.11535162
Portugal,2015,2.110891725,15.43529613,12.31980441,3.564571072,17.66285949,7.187070949,41.71950623
Portugal,2016,1.999234542,15.4847295,12.43884841,3.485077736,17.88798276,7.099071936,41.60505511
Portugal,2017,2.039168642,15.481349,12.58183632,3.610063274,18.12578331,7.118750711,41.04304875
Romania,1970,9.512137908,34.61146517,25.51753924,4.831262279,2.925386235,7.338603546,15.26360562
Romania,1971,11.05444665,34.0824289,25.12744896,4.714556824,2.927114239,7.096226986,14.99777744
Romania,1972,10.60677468,34.73503163,25.60850156,4.579148691,2.923764211,6.955647381,14.59113185
Romania,1973,9.004727585,36.21413521,26.69932054,4.264057968,2.867714203,6.894902948,14.05514155
Romania,1974,7.833917919,36.61794616,26.99659611,4.009492793,2.851183097,6.694735834,14.99612808
Romania,1975,7.028891167,36.87668715,27.18718148,3.985126187,2.925706888,7.104264159,14.89214297
Romania,1976,8.170003239,36.21397422,26.70023872,3.998691374,2.836755285,6.799759855,15.28057731
Romania,1977,7.152521553,36.73235707,27.07962429,4.34556619,2.799674111,6.530989463,15.35926732
Romania,1978,6.809605309,37.31973906,27.51329885,4.099119994,2.851537247,6.388640356,15.01805918
Romania,1979,6.598720801,38.04076656,28.05228312,3.937030267,2.934864594,6.2869617,14.14937295
Romania,1980,5.625437792,37.08358011,27.3300299,3.302463945,2.88082708,8.116398869,15.66126231
Romania,1981,5.646460327,36.17793705,26.67341083,3.055683092,2.885587486,8.655445083,16.90547613
Romania,1982,6.580243221,33.34932628,24.61220339,3.566053928,3.2693273,9.587523255,19.03532262
Romania,1983,6.594871869,32.70516185,24.05981647,3.94294849,3.277372497,9.76433482,19.655494
Romania,1984,7.060114161,32.35548931,23.88422804,3.994825353,3.33149338,9.79548517,19.57836458
Romania,1985,6.848912365,32.45668055,24.02431559,4.083759495,3.476211971,9.740309883,19.36981015
Romania,1986,6.372435392,33.44673447,24.36916604,4.162846677,3.3708592,9.776961842,18.50099639
Romania,1987,5.724380254,33.35376868,24.87365019,3.956624955,3.545679954,9.557797768,18.98809819
Romania,1988,6.007003884,33.53068445,25.02195078,3.829228879,3.621199605,9.32826209,18.66167031
Romania,1989,6.178111188,33.8886303,23.51180016,3.385770233,3.694707645,9.900842155,19.44013832
Romania,1990,9.263933756,28.0594687,22.36958205,3.7331218,4.414341006,8.509632798,23.64991989
Romania,1991,8.9795066,28.24212156,21.11676381,3.328561987,3.633153605,8.580785795,26.11910665
Romania,1992,8.248844832,25.8619872,18.99231655,3.313566455,3.482709973,8.691980767,31.40859423
Romania,1993,9.238913334,25.79452111,17.72351159,4.072047198,3.119520412,8.807474418,31.24401194
Romania,1994,9.086669159,25.56193206,17.46252485,4.956973184,2.95467995,8.482923971,31.49429682
Romania,1995,9.008156319,25.42898394,17.65348021,5.01383198,3.409645765,8.167881267,31.31802051
Romania,1996,8.371195595,25.30869869,18.14605738,5.165097188,3.77502008,9.011689608,30.22224146
Romania,1997,8.863072122,24.99093286,17.86532724,4.501602059,3.65101413,8.945797556,31.18225403
Romania,1998,8.327363484,24.62095637,17.70231463,4.561306523,3.927272646,8.757463498,32.10332284
Romania,1999,8.44646335,23.92983206,17.23555809,4.435425039,3.939467108,8.345454881,33.66779947
Romania,2000,6.701671475,24.14904937,17.88598828,4.424882768,3.925034253,8.314949291,34.59842456
Romania,2001,8.184652225,24.74490058,18.82221187,4.650635299,3.661355679,8.265063031,31.67118132
Romania,2002,7.283055855,24.57578913,18.83306787,4.810947154,3.602189318,8.316167048,32.57878362
Romania,2003,7.316957477,24.49202429,18.98482131,4.863801371,3.843803853,8.465874469,32.03271723
Romania,2004,8.095613239,24.46182207,19.31339466,4.950463361,3.971788202,8.691119163,30.5157993
Romania,2005,6.470323072,24.22099915,19.30905653,5.312462709,4.422032557,8.985352506,31.27977348
Romania,2006,6.264526712,24.33829468,19.56910026,6.108693512,4.853155526,9.187495206,29.6787341
Romania,2007,4.331101836,22.96355783,18.61718196,7.421678392,5.144998207,10.04807437,31.4734074
Romania,2008,4.952512943,24.07317924,20.01775114,9.013575038,5.248385549,9.525914031,27.16868206
Romania,2009,5.116119363,25.1117993,19.71294867,8.562395521,4.906439405,9.763149442,26.82714829
Romania,2010,4.867341205,26.60067463,20.42489713,6.854855156,4.976807337,9.414997484,26.86042706
Romania,2011,5.587658439,27.27357959,21.44747083,4.871242895,4.984447276,8.481500218,27.35410075
Romania,2012,4.012738378,23.20247084,18.21589239,5.042369332,10.52243346,10.78256839,28.22152722
Romania,2013,5.169571997,23.18325884,18.93799873,5.070321681,7.239843374,11.91404539,28.48495999
Romania,2014,5.179866296,23.07865778,19.36757997,4.962224735,7.651669298,11.93072733,27.82927459
Romania,2015,4.446272053,23.42909744,19.54068198,5.123924746,8.137055075,12.80030189,26.52266682
Romania,2016,4.43666271,23.48319679,19.80579607,5.502442088,7.958429302,13.82533023,24.98814281
Romania,2017,4.906835754,23.7006466,19.88196982,5.109809312,8.365893382,13.563438,24.47140714
Spain,1970,3.025619977,16.36465036,13.52534143,15.55100121,17.65988078,7.589566253,26.28393999
