"Year","Agriculture, hunting, forestry, fishing (ISIC A-B)","Mining, Manufacturing, Utilities (ISIC C-E)","Manufacturing (ISIC D)","Construction (ISIC F)","Wholesale, retail trade, restaurants and hotels (ISIC G-H)","Transport, storage and communication (ISIC I)","Other Activities (ISIC J-P)","Total Value Added"
"Value Added by Economic Activity, Percentage Distribution (Shares)"
"1970","35.11142305667661","36.68626074749956","...","3.706790665028952","8.321635374627128","4.395507983856817","11.77838217231093","..."
"1971","33.93300500630876","38.108999145264356","...","3.93178395539094","7.76181366762994","4.412063983068093","11.852334242337905","..."
"1972","32.706472339758655","39.18272997962702","...","3.714151386929948","8.121767748001881","4.818993888105313","11.455884657577181","..."
"1973","33.21965024308831","39.289601625426315","...","3.664465568536391","8.148900660329438","4.752920687903636","10.924461214715913","..."
"1974","33.72232831176179","38.70146403564609","...","3.851050286441757","7.836480656340618","4.6750123771129495","11.213664332696796","..."
"1975","32.23556506004277","41.34232604046718","...","4.148708669189012","6.297088336897515","4.882381970718868","11.09392992268465","..."
"1976","32.64404738004417","40.714715920497895","...","4.453590309844074","5.500903433045573","4.922037074215352","11.76470588235294","..."
"1977","29.24615384615385","42.61538461538461","...","4.224615384615384","7.156923076923078","5.0830769230769235","11.673846153846155","..."
"1978","27.93106260363715","44.0780710577106","...","3.7757903607252565","7.798950716285645","4.94739989670264","11.4687253649387","..."
"1979","30.976710157297887","43.5678575783441","...","3.5263992196073652","5.972442385074991","4.72381416900378","11.23277649067187","..."
"1980","29.897334176166705","43.91961113411949","...","4.278832530461887","5.257536456176298","4.651568323996774","11.995117379078842","..."
"1981","31.593662628145385","41.891891891891895","...","4.214109161635399","5.778191985088537","4.473438956197576","12.048705377041207","..."
"1982","33.07712350182386","40.62755899650116","...","4.124171815677808","4.3493635077793495","4.595027171890122","13.2267550063277","..."
"1983","32.85666832752035","39.84554060787245","...","4.5125394452748715","4.5042351768809175","4.5673476166749705","13.713668825776448","..."
"1984","31.8197430789311","38.68791646630487","...","4.36765817132651","6.324105241464586","4.652057429415401","14.14851961255753","..."
"1985","28.182527558276277","38.2276978535867","...","4.608249348822384","10.338612359735793","4.635725197551352","14.007187682027498","..."
"1986","26.87496385960178","38.55746805188798","...","5.081821861567819","9.789711069563038","4.809082323008424","14.886952834370964","..."
"1987","26.554247743270885","37.95822484332263","...","5.482681298101802","10.240088051450961","4.669519577484456","15.095238486369276","..."
"1988","25.461947392344026","38.300297095577825","...","5.347720400782593","11.362094293261661","4.518356027219488","15.00958479081441","..."
"1989","24.830323985145345","37.984726248268316","...","4.633930546339306","10.556583895039525","4.731719810475093","17.26271551473242","..."
"1990","26.82060955449112","36.58545631808741","...","4.565830189479039","8.323089313721335","6.184561909202662","17.520452715018443","..."
"1991","24.275074185324712","36.982236420563765","...","4.624710870365405","10.346864675970318","6.455145712247281","17.31596813552852","..."
"1992","21.571273603118275","38.024232841199506","...","5.213921932743753","10.993399400614095","6.211550129621799","17.98562209270257","..."
"1993","19.519695457654485","39.94258995548479","...","6.363040041263471","9.891739457071415","6.095051747530359","18.18788334099548","..."
"1994","19.68053391011855","40.189031486058056","...","6.103944700991418","9.831734426593528","5.732625510409685","18.462129965828765","..."
"1995","19.78340327161158","40.79553568808507","...","6.086912575521929","9.746852777478896","5.28971401928275","18.297581668019784","..."
"1996","19.515329922661103","41.11995187554481","...","6.117208670199878","9.659007043214535","5.267232760277272","18.321269728102397","..."
"1997","18.115536599134412","41.42695853979803","...","5.806059085492065","9.896129962993164","5.204917518660227","19.550398293922093","..."
"1998","17.39103897384372","40.06650578198874","...","5.860631300207992","10.211912352281104","5.471526698561897","20.998384893116548","..."
"1999","16.30740114217065","39.767723299663004","...","5.720680532306292","10.415019588270887","5.715159599136085","22.074015838453082","..."
"2000","14.901845030225308","40.14720752451631","...","5.518537059160233","10.27610635000728","6.144682599356603","23.011621436734274","..."
"2001","14.233758361656527","39.55830248450342","...","5.3629157375937195","10.390733805266311","6.19799897531372","24.2562906356663","..."
"2002","13.585299085752595","39.251759811235196","...","5.3255239998159665","10.45058397470867","6.1571210736984625","25.229712054789122","..."
"2003","12.647592601486515","40.28737714867031","...","5.465492475014955","10.402686028894895","5.759476998621766","25.43737474731157","..."
"2004","13.229539526977554","40.64307918742017","31.97507910585819","5.388343185650528","9.959583564271153","5.750428972794753","25.02902556288584","..."
"2005","11.966871451237141","41.61915408383996","32.09394892557501","5.552299075159568","9.695716607195862","5.695530827658516","25.47042795490896","..."
"2006","10.953587928468373","42.03380809028129","32.45231240082647","5.673614396008724","9.717205632919642","5.55339853608253","26.068385416239444","..."
"2007","10.592264945578265","41.332580400329945","32.36662113790331","5.679562124558852","9.801167218846318","5.404650298761695","27.189775011924937","..."
"2008","10.546934171602263","41.2272827993375","32.092173277298514","5.886285364470467","10.26503870233566","5.122629380224314","26.951829582029795","..."
"2009","10.090282667595583","39.559684360152104","31.545221257849892","6.497481676193577","10.30089257118827","4.733108094559035","28.81855063031144","..."
"2010","9.812839397012763","39.97924607468266","31.553375139789992","6.599830569331113","10.56009692267129","4.54775351832541","28.50023351797677","..."
"2011","9.704259508367658","39.8819866560556","31.975599457674893","6.72929892176711","10.687887977247525","4.463922586647144","28.53264434991496","..."
"2012","9.691313724699159","38.659919158705726","31.424286513213044","6.827965565650334","10.986580611635715","4.397600595446728","29.43662034386234","..."
"2013","9.571461811070915","37.3523148890918","30.553461644752705","6.870588472468037","11.173962968158463","4.375126523638606","30.656545335572194","..."
"2014","9.342874295274562","36.314560428041986","30.377039949737117","6.969300944044031","11.426234156585775","4.42578289627131","31.521247279782326","..."
"2015","9.130194944620298","34.32342779305077","29.376603017391574","6.766788752258355","11.369299941180063","4.424600113692419","33.98568845519809","..."
"2016","8.872645966421612","33.335471621685954","28.8183845460118","6.684222148525238","11.383870635437436","4.445864590671091","35.27792503725866","..."
"2017","8.358116604622507","34.410990639915596","29.328140340728286","6.84405312253907","11.348108395165799","4.522969237243776","34.51576200051325","..."